5721772610
5721772610
5721772610
5721772610
5721772610
5721772610
5721772610
5721772610
5721772610
5721772610
5721772610
5721772610
5721772610
5721772610
5721772610
5721772610
5721772610
5721772610
5721772610
5721772610
5721772610
5721772610
5721772610
5721772610
5721772610
5721772610
5721772610
1236854591
5721772610
5721772610
5721772610
5721772610
5721772610
5721772610
5721772610
5721772610
5721772610
5721772610
5721772610
5721772610
5721772610
5721772610
5721772610
5721772610
5721772610
5721772610
1762510156
1762510156
1762510156
1762510156
1762510156

